6 160 153 29
157 189 36 -137
5 215 248 23
226 218 28 -111
157 54 191 -27
314 57 34 188
127 240 48 151
176 340 175 50
315 341 27 -95
*249+288

1 146 197 36
0 198 283 35
241 198 41 -112
282 86 0 0
165 146 33 -126
199 164 27 18
241 139 -24 14
198 21 167 33
200 107 25 18
328 53 37 298
167 235 38 114
169 349 194 34
*249+288

0 124 483 17
52 142 20 87
0 172 38 128
38 247 85 18
103 248 17 -96
130 143 9 97
156 157 12 145
123 251 15 10
155 234 -10 9
139 218 10 6
157 202 -12 8
195 141 21 203
197 320 -141 24
1 302 19 101
20 382 60 20
83 401 17 -46
114 345 11 36
101 390 396 10
248 390 -14 -231
265 142 21 216
313 391 -10 -235
1 123 19 -107
20 18 480 25
493 44 7 345
*273+89

1 18 498 31
475 49 22 441
476 489 -440 -23
36 466 27 -394
63 72 391 23
454 95 -22 343
432 438 -347 -22
85 416 28 -304
113 112 298 23
411 135 -26 260
385 395 -253 -22
132 373 26 -214
158 159 210 22
368 181 -19 178
349 359 -172 -24
177 335 17 -135
194 200 137 16
331 216 -20 99
311 315 -100 -18
211 297 18 -65
229 232 61 16
290 248 -15 33
*240+259

0 12 500 27
473 39 27 446
473 483 -472 -37
1 446 32 -379
49 67 7 13
76 70 15 7
124 64 37 3
176 82 4 31
136 114 3 20
129 88 -16 5
99 100 -8 25
66 119 -7 28
79 168 12 18
107 139 16 14
151 152 12 -19
161 107 -10 -8
184 56 13 15
215 86 18 21
261 68 8 -15
284 54 12 12
225 56 9 16
198 102 8 12
182 122 11 15
150 198 -18 -21
109 192 11 12
94 200 -22 -2
49 165 11 13
51 213 14 17
83 212 10 11
113 212 10 9
102 227 11 13
77 243 9 15
48 257 9 12
51 283 14 12
73 269 12 14
97 260 15 13
123 250 8 12
135 236 10 14
154 216 12 14
169 206 8 11
183 190 13 12
205 169 12 16
228 145 14 16
253 125 9 16
272 109 12 15
294 94 17 19
311 81 23 5
337 51 31 21
357 95 15 12
348 107 4 26
333 133 16 29
305 169 12 21
274 195 11 24
234 221 3 16
166 254 12 25
137 313 34 9
97 330 10 22
67 314 25 16
108 284 18 16
147 274 12 23
189 226 17 22
220 195 17 8
252 174 15 13
296 136 5 20
265 154 22 13
322 119 6 17
201 271 21 24
197 323 13 17
176 292 15 15
106 312 22 14
45 312 13 14
56 340 13 26
85 369 21 19
64 395 14 11
120 356 14 19
153 351 19 11
139 331 11 9
183 353 15 14
223 319 22 17
244 303 21 5
275 288 4 -34
259 231 22 13
300 221 17 20
315 198 19 13
342 178 19 19
371 141 12 21
386 114 18 9
387 82 18 19
378 61 23 12
315 53 8 14
284 77 11 14
265 89 10 17
243 103 9 17
219 121 13 15
193 144 19 19
173 165 10 13
302 276 29 19
354 244 39 -31
337 233 12 15
323 257 16 9
365 274 20 18
343 301 12 25
301 319 15 26
273 320 9 13
246 352 8 29
221 379 -27 16
161 389 -19 -21
121 390 16 22
105 413 -14 -9
55 415 14 17
141 409 17 20
165 423 14 -22
205 411 16 20
242 417 13 -17
265 393 14 14
265 352 18 22
303 371 18 26
333 345 16 25
295 356 18 10
362 347 12 8
382 334 15 -15
399 313 8 -18
414 278 -12 -28
410 204 27 6
441 164 -12 -30
401 171 21 22
384 198 -11 -18
411 86 20 25
438 58 17 24
433 68 -23 -10
449 124 15 14
455 166 13 30
445 186 -13 -14
403 132 7 26
433 243 18 23
436 288 9 28
435 343 -25 -10
384 366 7 26
371 404 -33 -6
409 413 26 -29
443 361 10 19
305 429 18 -18
361 426 16 15
377 40 14 14
286 42 24 12
179 444 12 -21
113 440 11 -31
35 295 27 16
435 220 38 19
*403+358

0 195 293 11
2 218 324 11
311 219 16 -103
309 116 -268 15
1 196 16 -132
278 197 24 -53
234 130 33 54
196 195 27 -54
154 132 32 55
121 196 22 -56
89 133 22 53
60 194 18 -52
42 131 11 53
18 65 303 19
31 85 24 25
73 115 15 -19
112 86 15 24
148 116 19 -22
189 86 19 21
230 117 18 -21
265 86 21 22
305 115 21 -20
306 67 14 -38
320 29 162 15
466 45 16 184
325 221 140 12
*387+124

0 183 179 47
0 253 232 36
201 253 32 -138
201 149 -167 19
0 185 17 -108
16 107 167 26
47 88 277 -27
0 10 41 65
42 15 386 26
56 42 17 14
89 62 15 -15
113 41 15 15
142 61 16 -13
174 41 26 14
250 88 38 255
250 307 -192 22
3 286 30 130
35 350 186 28
255 343 23 93
256 398 -185 12
51 378 9 66
59 431 175 12
243 433 16 30
243 453 -216 9
39 453 6 -65
7 416 10 75
17 474 472 15
458 21 30 455
428 17 31 12
213 63 15 -17
247 41 16 15
274 60 10 -11
284 474 25 -97
288 332 111 36
320 370 26 90
361 474 25 -91
401 368 22 96
456 335 -41 20
*387+124

0 15 457 33
428 49 29 431
430 481 -422 -38
8 443 26 -387
34 56 384 31
418 87 -29 346
389 433 -345 -31
44 402 23 -307
67 95 316 25
383 120 0 0
383 120 -41 272
342 392 -262 -25
80 367 26 -236
106 131 226 29
332 160 -35 198
297 358 -182 -36
115 322 22 -153
137 169 150 23
287 192 -22 123
265 315 -119 -8
146 307 12 -105
158 202 95 13
253 215 -13 85
240 300 -75 -16
165 284 13 -58
178 226 50 10
228 236 -9 38
*186+249

0 45 59 455
59 500 441 -50
500 450 -61 -446
439 4 -435 32
72 35 20 200
59 256 53 -15
112 241 -15 -112
97 129 40 -15
148 128 -6 -51
113 152 56 -17
160 133 8 -76
160 57 -33 13
92 97 43 12
124 98 19 -20
107 97 13 -51
116 35 78 16
194 51 -17 131
177 182 -57 -22
112 194 118 13
231 196 -29 -149
236 37 35 205
236 244 -117 -28
112 256 193 15
303 257 -24 -212
313 37 29 261
314 298 -235 -20
80 279 26 -14
62 309 336 32
375 311 25 -252
439 365 -354 38
*394+412

2 162 162 40
3 108 179 31
182 112 -13 191
167 210 -126 12
3 204 32 94
37 233 120 16
167 254 -125 17
34 276 126 22
183 302 -141 21
11 298 26 76
36 348 191 -18
227 330 -36 -185
183 112 111 27
294 139 -58 242
236 381 -194 -26
18 374 19 71
37 388 304 17
341 391 -41 -120
296 234 147 32
443 266 -28 138
415 404 -75 -13
323 65 25 26
399 66 26 24
328 137 25 25
342 150 23 23
356 164 25 23
378 165 22 21
393 177 26 -25
410 161 23 -23
295 36 164 167
*377+331